---------------------------------------
k = 480, iblock = 2
y_star:  [[[28], [30]], [[222], [304]], [[87], [232], [20]], [[38], [39]], [[13], [76]], [[12], [41]], [[37], [411]], [[221], [315]], [[223], [410]], [[19], [27], [29]], [[42], [79]], [[74], [305]], [[43], [83]], [[84], [85], [300]], [[86], [233]], [[40], [302]], [[44], [45]], [[316], [317]], [[4], [75]], [10], [11], [33], [34], [35], [36], [77], [78], [80], [81], [82], [217], [219], [220], [301], [303]]
l_s:  0.09000000000000001
w_s:  [-0.03756677  0.88184054  1.88764028 -1.03756677 -0.11815946  0.88764028]
step_size:  0.14217842291034605
l:  0.42299230444259645
w:  [[-0.12491929]
 [-0.00059874]
 [ 0.01969967]
 [-0.08661062]
 [ 0.03770992]
 [ 0.05800833]]
w =
[[-0.04208719]
 [ 0.03282172]
 [-0.01110018]
 [-0.06414723]
 [ 0.01076168]
 [-0.03316022]]
---------------------------------------
k = 481, iblock = 4
y_star:  [[[312], [313]], [[300], [319]], [[45], [46], [47]], [[222], [340]], [[83], [96]], [[231], [341]], [[87], [225]], [[308], [309]], [[57], [235]], [[51], [228]], [[343], [344]], [[234], [317]], [[223], [226]], [[310], [311]], [[91], [221]], [[42], [44]], [[342], [376]], [[88], [316]], [[52], [54], [55], [53], [56]], [[92], [93]], [[4], [75]], [38], [39], [48], [49], [50], [89], [90], [94], [95], [224], [227],
[229], [230], [232], [233], [301], [318]]
l_s:  0.08021978021978023
w_s:  [-9.33666424 -7.73098322 -9.09994102  2.66333576  4.26901678  2.90005898]
step_size:  0.003398516326634693
l:  0.4232401904310249
w:  [[-0.07038686]
 [ 0.0094321 ]
 [-0.03867456]
 [-0.05606945]
 [ 0.02374951]
 [-0.02435715]]
w =
[[-0.04220413]
 [ 0.03272507]
 [-0.01121413]
 [-0.06411385]
 [ 0.01081535]
 [-0.03312385]]
---------------------------------------
k = 482, iblock = 3
y_star:  [[[219], [220], [94], [95]], [[48], [49]], [[306], [307]], [[300], [301]], [[80], [235]], [[230], [410]], [[302], [340]], [[341], [411]], [[88], [90], [87]], [[40], [275]], [[51], [86]], [[308], [309]], [[43], [50]], [[37], [234]], [[89], [221], [92]], [[223], [224], [225], [226]], [[42], [44]], [[227], [228]], [[84], [85], [82]], [[303], [304]], [[45], [46], [47]], [[318], [319]], [[91], [93]], [[222], [312]], [[316], [317]], [[4], [75]], [38], [39], [41], [83], [217], [229], [232], [233]]
l_s:  0.06595744680851064
w_s:  [-13.55585612 -11.41303616 -13.58972902   4.44414388   6.58696384
   4.41027098]
step_size:  0.0012111414282567577
l:  0.42331394214765977
w:  [[-0.05764558]
 [ 0.01965261]
 [-0.02666366]
 [-0.05900394]
 [ 0.01829425]
 [-0.02802202]]
w =
[[-0.0422678 ]
 [ 0.03267116]
 [-0.01127784]
 [-0.06409278]
 [ 0.01084619]
 [-0.03310281]]
---------------------------------------
k = 483, iblock = 6
y_star:  [[[68], [69]], [[222], [340], [343]], [[413], [414], [412]], [[348], [349]], [[55], [56]], [[345], [346]], [[98], [99]], [[62], [66], [64], [65], [63]], [[67], [100]], [[231], [347]], [[96], [376]], [[57], [104]], [[101], [102]], [[424], [425]], [51], [58], [59], [60], [61], [72], [103], [232], [233], [236], [237], [421], [422], [423], [426]]
l_s:  0.06119402985074627
w_s:  [-0.41070513 -0.69434861 -1.19115406  0.58929487  0.30565139 -0.19115406]
step_size:  0.0012852523957551313
l:  0.4233097014019118
w:  [[-0.04280256]
 [ 0.03194403]
 [-0.01205169]
 [-0.06341998]
 [ 0.01132661]
 [-0.03266911]]
w =
[[-0.04227   ]
 [ 0.03266817]
 [-0.01128102]
 [-0.06409001]
 [ 0.01084817]
 [-0.03310102]]
---------------------------------------
k = 484, iblock = 4
y_star:  [[[312], [313]], [[300], [319]], [[45], [46], [47]], [[222], [340]], [[83], [96]], [[231], [341]], [[87], [225]], [[308], [309]], [[57], [235]], [[51], [228]], [[343], [344]], [[234], [317]], [[223], [226]], [[310], [311]], [[91], [221]], [[42], [44]], [[342], [376]], [[88], [316]], [[52], [54], [55], [53], [56]], [[92], [93]], [[4], [75]], [38], [39], [48], [49], [50], [89], [90], [94], [95], [224], [227],
[229], [230], [232], [233], [301], [318]]
l_s:  0.08021978021978023
w_s:  [-9.33666424 -7.73098322 -9.09994102  2.66333576  4.26901678  2.90005898]
step_size:  0.0033877566023772132
l:  0.42355596280433383
w:  [[-0.07038421]
 [ 0.00943184]
 [-0.03867468]
 [-0.05606517]
 [ 0.02375088]
 [-0.02435564]]
w =
[[-0.04238546]
 [ 0.03257274]
 [-0.01139352]
 [-0.06405705]
 [ 0.01090115]
 [-0.03306511]]
---------------------------------------
k = 485, iblock = 7
y_star:  [[[106], [112]], [[70], [71]], [[72], [103]], [[98], [99]], [[105], [239]], [[340], [347]], [[51], [320]], [[110], [242]], [[345], [346]], [[240], [241]], [[63], [424]], [[67], [425]], [[65], [104]], [[233], [238]], [[68], [69]], [[108], [111], [107]], [[113], [376]], [[243], [413]], [[276], [314]], [62], [64], [66], [109], [222], [232], [236], [237], [343], [350], [351], [352], [353], [421], [422], [423], [426]]
l_s:  0.08441558441558442
w_s:  [ 5.79837544  7.20446785  7.31480626 -3.20162456 -1.79553215 -1.68519374]
step_size:  0.005064873002944814
l:  0.42385918573215575
w:  [[-0.01842436]
 [ 0.06129174]
 [ 0.01752664]
 [-0.07632937]
 [ 0.00338672]
 [-0.04037838]]
w =
[[-0.04228726]
 [ 0.03269044]
 [-0.01127499]
 [-0.06410735]
 [ 0.01087036]
 [-0.03309508]]
---------------------------------------
k = 486, iblock = 8
y_star:  [[[120], [121]], [[118], [119]], [[351], [353], [352], [350]], [[64], [66], [111]], [[320], [376]], [[71], [109]], [[110], [321]], [[70], [108]], [[243], [245], [244]], [[67], [423], [426], [422], [421]], [[232], [238], [233]], [[122], [124]], [[428], [429]], [[104], [425]], [[345], [346]], [65], [72], [103], [106], [107], [112], [113], [114], [115], [116], [117], [123], [236], [237], [242], [246], [247], [322], [323], [377], [378], [379], [427]]
l_s:  0.06363636363636364
w_s:  [ 3.48069398  3.47735549  4.9592003  -1.51930602 -1.52264451 -0.0407997 ]
step_size:  0.0013642117848350584
l:  0.42387140905738624
w:  [[-0.03728991]
 [ 0.03770074]
 [-0.00541022]
 [-0.06608759]
 [ 0.00890305]
 [-0.0342079 ]]
w =
[[-0.04226682]
 [ 0.03271094]
 [-0.01125101]
 [-0.06411545]
 [ 0.01086231]
 [-0.03309963]]
---------------------------------------
k = 487, iblock = 8
y_star:  [[[120], [121]], [[118], [119]], [[351], [353], [352], [350]], [[64], [66], [111]], [[320], [376]], [[71], [109]], [[110], [321]], [[70], [108]], [[243], [245], [244]], [[67], [423], [426], [422], [421]], [[122], [124]], [[232], [238], [233]], [[428], [429]], [[104], [425]], [[345], [346]], [65], [72], [103], [106], [107], [112], [113], [114], [115], [116], [117], [123], [236], [237], [242], [246], [247], [322], [323], [377], [378], [379], [427]]
l_s:  0.06363636363636364
w_s:  [ 3.48069398  3.47735549  4.9592003  -1.51930602 -1.52264451 -0.0407997 ]
step_size:  0.0013604881805420988
l:  0.42388358238946644
w:  [[-0.03728991]
 [ 0.03770074]
 [-0.00541022]
 [-0.06608759]
 [ 0.00890305]
 [-0.0342079 ]]
w =
[[-0.04224651]
 [ 0.0327313 ]
 [-0.01122717]
 [-0.0641235 ]
 [ 0.01085431]
 [-0.03310416]]
---------------------------------------
k = 488, iblock = 3
y_star:  [[[219], [220], [94], [95]], [[48], [49]], [[306], [307]], [[300], [301]], [[80], [235]], [[230], [410]], [[302], [340]], [[88], [90], [87]], [[341], [411]], [[40], [275]], [[51], [86]], [[308], [309]], [[43], [50]], [[37], [234]], [[89], [221], [92]], [[223], [224], [225], [226]], [[42], [44]], [[227], [228]], [[84], [85], [82]], [[303], [304]], [[45], [46], [47]], [[318], [319]], [[91], [93]], [[222], [312]], [[316], [317]], [[4], [75]], [38], [39], [41], [83], [217], [229], [232], [233]]
l_s:  0.06595744680851064
w_s:  [-13.55585612 -11.41303616 -13.58972902   4.44414388   6.58696384
   4.41027098]
step_size:  0.0012108186181752872
l:  0.42395722514882717
w:  [[-0.05766515]
 [ 0.01967816]
 [-0.02665387]
 [-0.05902114]
 [ 0.01832217]
 [-0.02800986]]
w =
[[-0.04230931]
 [ 0.03267813]
 [-0.01129001]
 [-0.06410271]
 [ 0.01088473]
 [-0.0330834 ]]
---------------------------------------
k = 489, iblock = 9
y_star:  [[[115], [116], [114]], [[127], [132], [129], [134], [128]], [[244], [245]], [[378], [379]], [[249], [250]], [[321], [376]], [[121], [123]], [[251], [252]], [[380], [382], [383]], [[139], [386]], [[136], [377]], [[130], [133]], [[243], [323]], [[122], [124]], [[131], [135]], [[232], [238], [233]], [[118], [119]], [72], [103], [110], [117], [120], [125], [126], [137], [138], [246], [247], [248], [322], [324], [325], [381], [384], [385]]
l_s:  0.06790123456790123
w_s:  [ 3.49205144  0.24827796 -0.55344673  3.49205144  0.24827796 -0.55344673]
step_size:  0.04591838922988649
l:  0.42524269054073505
w:  [[ 0.07169075]
 [ 0.07427763]
 [ 0.02399746]
 [-0.00421736]
 [-0.00163048]
 [-0.05191065]]
w =
[[-0.0418459 ]
 [ 0.03284724]
 [-0.01114656]
 [-0.06385928]
 [ 0.01083386]
 [-0.03315994]]
---------------------------------------
k = 490, iblock = 8
y_star:  [[[120], [121]], [[71], [109], [70], [108]], [[118], [119]], [[351], [353], [352], [350]], [[64], [66], [111]], [[320], [376]], [[110], [321]], [[243], [245], [244]], [[67], [423], [426], [422], [421]], [[122], [124]], [[232], [238], [233]], [[428], [429]], [[104], [425]], [[345], [346]], [65], [72], [103], [106], [107], [112], [113], [114], [115], [116], [117], [123], [236], [237], [242], [246], [247], [322], [323], [377], [378], [379], [427]]
l_s:  0.0595505617977528
w_s:  [ 0.86859335  0.65383846  1.58377725 -0.13140665 -0.34616154  0.58377725]
step_size:  0.02472040379790188
l:  0.42536257936825417
w:  [[-0.01610936]
 [ 0.05359135]
 [ 0.01139585]
 [-0.06533549]
 [ 0.00436522]
 [-0.03783028]]
w =
[[-0.04174149]
 [ 0.03293139]
 [-0.01105511]
 [-0.06386526]
 [ 0.01080762]
 [-0.03317888]]
---------------------------------------
k = 491, iblock = 1
y_star:  [[[19], [20]], [[411], [420]], [[83], [410]], [[23], [73]], [[17], [25]], [[31], [32]], [[4], [80]], [[5], [26]], [[79], [315]], [[3], [74]], [[9], [82]], [[24], [37]], [7], [8], [10], [11], [12], [13], [14], [16], [27], [28], [29], [30], [33], [34], [35], [36], [75], [76], [77], [78], [81], [217], [219], [220], [419]]
l_s:  0.09444444444444444
w_s:  [ 4.21999474  5.25764628  5.74803698 -4.78000526 -3.74235372 -3.25196302]
step_size:  0.005654825895567612
l:  0.42566610398708227
w:  [[-0.02380382]
 [ 0.05383209]
 [ 0.01226428]
 [-0.08150288]
 [-0.00386698]
 [-0.04543479]]
w =
[[-0.04166887]
 [ 0.03301601]
 [-0.0109607 ]
 [-0.06393667]
 [ 0.01074821]
 [-0.0332285 ]]
---------------------------------------
k = 492, iblock = 8
y_star:  [[[64], [66], [111], [65]], [[120], [121]], [[71], [109], [70], [108]], [[118], [119]], [[351], [353], [352], [350]], [[320], [376]], [[110], [321]], [[243], [245], [244]], [[67], [423], [426], [422],
[421]], [[122], [124]], [[232], [238], [233]], [[428], [429]], [[104], [425]], [[345], [346]], [72], [103], [106], [107], [112], [113], [114], [115], [116], [117], [123], [236], [237], [242], [246], [247], [322], [323], [377], [378], [379], [427]]
l_s:  0.05730337078651685
w_s:  [-1.32341734 -1.26451563 -0.43200477  0.67658266  0.73548437  1.56799523]
step_size:  0.011377728098083946
l:  0.42569435161603547
w:  [[-0.05505638]
 [ 0.02050109]
 [-0.02377691]
 [-0.05540623]
 [ 0.02015124]
 [-0.02412676]]
w =
[[-0.04172296]
 [ 0.03296544]
 [-0.01101248]
 [-0.06390221]
 [ 0.0107862 ]
 [-0.03319173]]
---------------------------------------
k = 493, iblock = 2
y_star:  [[[28], [30]], [[87], [232], [20]], [[38], [39]], [[13], [76]], [[12], [41]], [[222], [411]], [[19], [27], [29]], [[221], [315]], [[223], [410]], [[42], [79]], [[74], [305]], [[43], [83]], [[84], [85], [300]], [[86], [233]], [[40], [302]], [[44], [45]], [[316], [317]], [[4], [75]], [10], [11], [33], [34], [35], [36], [37], [77], [78], [80], [81], [82], [217], [219], [220], [301], [303], [304]]
l_s:  0.08765432098765433
w_s:  [ 0.81742735  1.16447255  2.43157265 -1.18257265 -0.83552745  0.43157265]
step_size:  0.09844094502541585
l:  0.4266099933737617
w:  [[-0.00695799]
 [ 0.04085588]
 [ 0.06090191]
 [-0.091574  ]
 [-0.04376012]
 [-0.0237141 ]]
w =
[[-0.04158278]
 [ 0.03299726]
 [-0.01072251]
 [-0.06401379]
 [ 0.01056625]
 [-0.03315351]]
---------------------------------------
k = 494, iblock = 7
y_star:  [[[106], [112]], [[70], [71]], [[72], [103]], [[98], [99]], [[105], [239]], [[340], [347]], [[51], [320]], [[110], [242]], [[345], [346]], [[240], [241]], [[63], [424]], [[67], [425]], [[65], [104]], [[233], [238]], [[68], [69]], [[113], [376]], [[108], [111], [107]], [[243], [413]], [[276], [314]], [62], [64], [66], [109], [222], [232], [236], [237], [343], [350], [351], [352], [353], [421], [422], [423], [426]]
l_s:  0.08441558441558442
w_s:  [ 5.79837544  7.20446785  7.31480626 -3.20162456 -1.79553215 -1.68519374]
step_size:  0.004981611038823553
l:  0.42690672105024746
w:  [[-0.01813494]
 [ 0.06110107]
 [ 0.01757816]
 [-0.07602322]
 [ 0.00321279]
 [-0.04031012]]
w =
[[-0.04148842]
 [ 0.03311035]
 [-0.01060862]
 [-0.06406211]
 [ 0.01053666]
 [-0.03318231]]
---------------------------------------
k = 495, iblock = 6
y_star:  [[[68], [69]], [[222], [340], [343]], [[413], [414], [412]], [[348], [349]], [[55], [56]], [[345], [346]], [[98], [99]], [[67], [100]], [[231], [347]], [[96], [376]], [[57], [104]], [[62], [66], [64],
[65], [63]], [[101], [102]], [[424], [425]], [51], [58], [59], [60], [61], [72], [103], [232], [233], [236], [237], [421], [422], [423], [426]]
l_s:  0.06119402985074627
w_s:  [-0.41070513 -0.69434861 -1.19115406  0.58929487  0.30565139 -0.19115406]
step_size:  0.002084681690277055
l:  0.42689985139364595
w:  [[-0.04235469]
 [ 0.03193247]
 [-0.0118622 ]
 [-0.06297225]
 [ 0.01131491]
 [-0.03247976]]
w =
[[-0.0414919 ]
 [ 0.03310562]
 [-0.01061365]
 [-0.06405774]
 [ 0.01053979]
 [-0.03317949]]
---------------------------------------
k = 496, iblock = 6
y_star:  [[[68], [69]], [[222], [340], [343]], [[413], [414], [412]], [[348], [349]], [[55], [56]], [[345], [346]], [[98], [99]], [[67], [100]], [[231], [347]], [[96], [376]], [[57], [104]], [[62], [66], [64],
[65], [63]], [[101], [102]], [[424], [425]], [51], [58], [59], [60], [61], [72], [103], [232], [233], [236], [237], [421], [422], [423], [426]]
l_s:  0.06119402985074627
w_s:  [-0.41070513 -0.69434861 -1.19115406  0.58929487  0.30565139 -0.19115406]
step_size:  0.00208064696127767
l:  0.42689300932602675
w:  [[-0.04235469]
 [ 0.03193247]
 [-0.0118622 ]
 [-0.06297225]
 [ 0.01131491]
 [-0.03247976]]
w =
[[-0.04149536]
 [ 0.03310092]
 [-0.01061866]
 [-0.06405339]
 [ 0.01054289]
 [-0.03317669]]
---------------------------------------
k = 497, iblock = 9
y_star:  [[[115], [116], [114]], [[244], [245]], [[378], [379]], [[249], [250]], [[127], [132], [129], [134], [128]], [[121], [123]], [[321], [376]], [[251], [252]], [[380], [382], [383]], [[139], [386]], [[136], [377]], [[130], [133]], [[243], [323]], [[122], [124]], [[131], [135]], [[232], [238], [233]], [[118], [119]], [72], [103], [110], [117], [120], [125], [126], [137], [138], [246], [247], [248], [322], [324], [325], [381], [384], [385]]
l_s:  0.06790123456790123
w_s:  [ 3.49205144  0.24827796 -0.55344673  3.49205144  0.24827796 -0.55344673]
step_size:  0.047785295594921375
l:  0.42816931160822613
w:  [[ 0.07169208]
 [ 0.07440389]
 [ 0.02441727]
 [-0.00459491]
 [-0.0018831 ]
 [-0.05186973]]
w =
[[-0.04104261]
 [ 0.03326613]
 [-0.01047851]
 [-0.06381555]
 [ 0.01049319]
 [-0.03325146]]
---------------------------------------
k = 498, iblock = 9
y_star:  [[[130], [133], [232], [238], [233]], [[115], [116], [114]], [[244], [245]], [[378], [379]], [[249], [250]], [[110], [135]], [[321], [376]], [[121], [123]], [[251], [252]], [[127], [132], [129], [134], [128]], [[380], [382], [383]], [[124], [131], [122]], [[139], [386]], [[136], [377]], [[243], [323]], [[118], [119]], [72], [103], [117], [120], [125], [126], [137], [138], [246], [247], [248], [322], [324], [325], [381], [384], [385]]
l_s:  0.07073170731707316
w_s:  [-2.85845837 -4.95196487 -7.13292211  5.14154163  3.04803513  0.86707789]
step_size:  0.0044970978707227225
l:  0.42829641430576837
w:  [[-0.05945836]
 [ 0.01358143]
 [-0.03692737]
 [-0.05106936]
 [ 0.02197044]
 [-0.02853837]]
w =
[[-0.04111612]
 [ 0.03318755]
 [-0.0105841 ]
 [-0.06376467]
 [ 0.01053901]
 [-0.03323264]]
---------------------------------------
k = 499, iblock = 3
y_star:  [[[38], [39]], [[48], [49]], [[306], [307]], [[219], [220], [94], [95]], [[300], [301]], [[80], [235]], [[230], [410]], [[302], [340]], [[341], [411]], [[88], [90], [87]], [[51], [86]], [[40], [275]],
[[308], [309]], [[43], [50]], [[37], [234]], [[89], [221], [92]], [[42], [44]], [[227], [228]], [[303], [304]], [[223], [224], [225], [226]], [[45], [46], [47]], [[84], [85], [82]], [[318], [319]], [[91], [93]], [[222], [312]], [[316], [317]], [[4], [75]], [41], [83], [217], [229], [232], [233]]
l_s:  0.06344086021505377
w_s:  [-14.08057719 -12.15803002 -14.45466453   4.91942281   6.84196998
   4.54533547]
step_size:  0.0011335116221840773
l:  0.4283624191493312
w:  [[-0.05612763]
 [ 0.02013815]
 [-0.02598878]
 [-0.05845513]
 [ 0.01781065]
 [-0.02831628]]
w =
[[-0.04117593]
 [ 0.03313556]
 [-0.01064547]
 [-0.06374352]
 [ 0.01056798]
 [-0.03321306]]